0 29 56 31 1000 0 0 0 99 
29 0 0 0 80 45 0 0 0 
56 0 0 1000 0 0 67 0 0 
31 0 1000 0 1000 23 0 0 0 
1000 80 0 1000 0 999999 0 54 10000 
0 45 0 23 999999 0 1000 0 99 
0 0 67 0 0 1000 0 33 99 
0 0 0 0 54 0 33 0 99 
99 0 0 0 10000 99 99 99 0 
